0.10000000000000001 1
0.20000000000000001 1
0.30000000000000004 1
0.40000000000000002 1
0.5 1
0.59999999999999998 1
0.69999999999999996 1
0.79999999999999993 1
0.89999999999999991 1
0.99999999999999989 1
1.0999999999999999 1
1.2 1
1.3 1
1.4000000000000001 2
1.5000000000000002 2
1.6000000000000003 2
1.7000000000000004 3
1.8000000000000005 3
1.9000000000000006 3
2.0000000000000004 4
2.1000000000000005 4
2.2000000000000006 5
2.3000000000000007 5
2.4000000000000008 6
2.5000000000000009 7
2.600000000000001 8
2.7000000000000011 9
2.8000000000000012 10
2.9000000000000012 11
3.0000000000000013 12
3.1000000000000014 14
3.2000000000000015 16
3.3000000000000016 18
3.4000000000000017 19
3.5000000000000018 22
3.6000000000000019 25
3.700000000000002 27
3.800000000000002 30
3.9000000000000021 33
4.0000000000000018 36
4.1000000000000014 39
4.2000000000000011 43
4.3000000000000007 46
4.4000000000000004 49
4.5 52
4.5999999999999996 55
4.6999999999999993 58
4.7999999999999989 61
4.8999999999999986 64
4.9999999999999982 67
5.0999999999999979 70
5.1999999999999975 73
5.2999999999999972 77
5.3999999999999968 80
5.4999999999999964 83
5.5999999999999961 86
5.6999999999999957 89
5.7999999999999954 92
5.899999999999995 96
5.9999999999999947 98
6.0999999999999943 101
6.199999999999994 104
6.2999999999999936 52.5
6.3999999999999932 52.5
6.4999999999999929 52.5
6.5999999999999925 52.5
6.6999999999999922 52.5
6.7999999999999918 52.5
6.8999999999999915 52.5
6.9999999999999911 52.5
7.0999999999999908 52.5
7.1999999999999904 52.5
7.2999999999999901 52.5
7.3999999999999897 52.5
7.4999999999999893 52.5
7.599999999999989 52.5
7.6999999999999886 52.5
7.7999999999999883 52.5
7.8999999999999879 52.5
7.9999999999999876 52.5
8.0999999999999872 52.5
8.1999999999999869 52.5
8.2999999999999865 52.5
8.3999999999999861 52.5
8.4999999999999858 52.5
8.5999999999999854 52.5
8.6999999999999851 52.5
8.7999999999999847 1
8.8999999999999844 1
8.999999999999984 1
9.0999999999999837 2
9.1999999999999833 2
9.2999999999999829 2
9.3999999999999826 3
9.4999999999999822 4
9.5999999999999819 4
9.6999999999999815 4
9.7999999999999812 6
9.8999999999999808 6
9.9999999999999805 6
10.09999999999998 7
10.19999999999998 8
10.299999999999979 8
10.399999999999979 9
10.499999999999979 11
10.599999999999978 12
10.699999999999978 12
10.799999999999978 15
10.899999999999977 17
10.999999999999977 18
11.099999999999977 20
11.199999999999976 22
11.299999999999976 24
11.399999999999975 25
11.499999999999975 26
11.599999999999975 26.0769
11.699999999999974 26.1535
11.799999999999974 26.2299
11.899999999999974 26.2299
11.999999999999973 26.2299
12.099999999999973 26.2299
12.199999999999973 26.2299
12.299999999999972 26.3061
12.399999999999972 26.42
12.499999999999972 26.5334
12.599999999999971 26.6838
12.699999999999971 26.7587
12.799999999999971 26.8707
12.89999999999997 26.9822
12.99999999999997 27.0932
13.099999999999969 27.2405
13.199999999999969 27.3505
13.299999999999969 27.4601
13.399999999999968 27.5328
13.499999999999968 27.6417
13.599999999999968 27.7861
13.699999999999967 27.8939
13.799999999999967 28.0013
13.899999999999967 28.1083
13.999999999999966 28.2149
14.099999999999966 28.3211
14.199999999999966 28.4269
14.299999999999965 28.5323
14.399999999999965 28.6373
14.499999999999964 28.742
14.599999999999964 28.8462
14.699999999999964 28.9846
14.799999999999963 29.088
14.899999999999963 29.191
14.999999999999963 29.2595
15.099999999999962 29.3619
15.199999999999962 29.4979
15.299999999999962 29.5995
15.399999999999961 29.7007
15.499999999999961 29.8016
15.599999999999961 29.9022
15.69999999999996 30.0024
15.79999999999996 30.1023
15.899999999999959 30.2018
15.999999999999959 30.301
16.099999999999959 30.3999
16.19999999999996 30.4985
16.299999999999962 30.6295
16.399999999999963 30.7273
16.499999999999964 30.8248
16.599999999999966 30.8897
16.699999999999967 30.9867
16.799999999999969 31.1156
16.89999999999997 31.2119
16.999999999999972 31.3079
17.099999999999973 31.4036
17.199999999999974 31.4991
17.299999999999976 31.5942
17.399999999999977 31.6891
17.499999999999979 31.7837
17.59999999999998 31.878
17.699999999999982 31.972
17.799999999999983 32.0657
17.899999999999984 32.1903
17.999999999999986 32.2834
18.099999999999987 32.3762
18.199999999999989 32.438
18.29999999999999 32.5304
18.399999999999991 32.6531
18.499999999999993 32.7449
18.599999999999994 32.8365
18.699999999999996 32.9277
18.799999999999997 33.0188
18.899999999999999 33.1095
19 33.2302
19.100000000000001 33.2903
19.200000000000003 33.3804
19.300000000000004 33.4702
19.400000000000006 33.5597
19.500000000000007 33.6788
19.600000000000009 33.7678
19.70000000000001 33.8565
19.800000000000011 33.9451
19.900000000000013 34.0039
20.000000000000014 34.1214
20.100000000000016 34.2093
20.200000000000017 34.2969
20.300000000000018 34.3843
20.40000000000002 34.4715
20.500000000000021 34.5584
20.600000000000023 34.674
20.700000000000024 34.7317
20.800000000000026 34.818
20.900000000000027 34.9041
21.000000000000028 34.99
21.10000000000003 35.1041
21.200000000000031 35.1895
21.300000000000033 35.2747
21.400000000000034 35.3597
21.500000000000036 35.4162
21.600000000000037 35.529
21.700000000000038 35.6134
21.80000000000004 35.6976
21.900000000000041 35.7816
22.000000000000043 35.8653
22.100000000000044 35.9489
22.200000000000045 36.0601
22.300000000000047 36.1155
22.400000000000048 36.1985
22.50000000000005 36.2813
22.600000000000051 36.3639
22.700000000000053 36.4738
22.800000000000054 36.556
22.900000000000055 36.638
23.000000000000057 36.7198
23.100000000000058 36.7743
23.20000000000006 36.8829
23.300000000000061 36.9642
23.400000000000063 37.0453
23.500000000000064 37.1262
23.600000000000065 37.207
23.700000000000067 37.2875
23.800000000000068 37.3947
23.90000000000007 37.4482
24.000000000000071 37.5282
24.100000000000072 37.6081
24.200000000000074 37.6878
24.300000000000075 37.7938
24.400000000000077 37.8732
24.500000000000078 37.9523
24.60000000000008 38.0313
24.700000000000081 38.0839
24.800000000000082 38.1626
24.900000000000084 38.2673
25.000000000000085 38.3456
25.100000000000087 38.4238
25.200000000000088 38.5019
25.30000000000009 38.5797
25.400000000000091 38.6574
25.500000000000092 38.7608
25.600000000000094 38.8124
25.700000000000095 38.8896
25.800000000000097 38.9667
25.900000000000098 39.0437
26.000000000000099 39.146
26.100000000000101 39.2226
26.200000000000102 39.299
26.300000000000104 39.3753
26.400000000000105 39.4261
26.500000000000107 39.5274
26.600000000000108 39.6033
26.700000000000109 39.679
26.800000000000111 39.7546
26.900000000000112 39.83
27.000000000000114 39.9052
27.100000000000115 40.0054
27.200000000000117 40.0554
27.300000000000118 40.1302
27.400000000000119 40.2049
27.500000000000121 40.2795
27.600000000000122 40.3787
27.700000000000124 40.453
27.800000000000125 40.5271
27.900000000000126 40.6011
28.000000000000128 40.6503
28.100000000000129 40.7486
28.200000000000131 40.8222
28.300000000000132 40.8956
28.400000000000134 40.969
28.500000000000135 41.0421
28.600000000000136 41.1152
28.700000000000138 41.2124
28.800000000000139 41.2609
28.900000000000141 41.3336
29.000000000000142 41.4061
29.100000000000144 41.4785
29.200000000000145 41.5749
29.300000000000146 41.647
29.400000000000148 41.719
29.500000000000149 41.7908
29.600000000000151 41.8387
29.700000000000152 41.9342
29.800000000000153 42.0057
29.900000000000155 42.0771
30.000000000000156 42.1483
30.100000000000158 42.2195
30.200000000000159 42.2905
30.300000000000161 42.385
30.400000000000162 42.4322
30.500000000000163 42.5028
30.600000000000165 42.5734
30.700000000000166 42.6438
30.800000000000168 42.7375
30.900000000000169 42.8077
31.000000000000171 42.8777
31.100000000000172 42.9477
31.200000000000173 42.9942
31.300000000000175 43.0872
31.400000000000176 43.1568
31.500000000000178 43.2262
31.600000000000179 43.2956
31.70000000000018 43.3649
31.800000000000182 43.434
31.900000000000183 43.526
32.000000000000185 43.572
32.100000000000186 43.6408
32.200000000000188 43.7095
32.300000000000189 43.7781
32.40000000000019 43.8694
32.500000000000192 43.9377
32.600000000000193 44.006
32.700000000000195 44.0741
32.800000000000196 44.1195
32.900000000000198 44.2101
33.000000000000199 44.2779
33.1000000000002 44.3456
33.200000000000202 44.4132
33.300000000000203 44.4808
33.400000000000205 44.5482
33.500000000000206 44.6379
33.600000000000207 44.7051
33.700000000000209 44.7498
33.80000000000021 44.8168
33.900000000000212 44.8837
34.000000000000213 44.9727
34.100000000000215 45.0394
34.200000000000216 45.106
34.300000000000217 45.1725
34.400000000000219 45.2389
34.50000000000022 45.3051
34.600000000000222 45.3713
34.700000000000223 45.4374
34.800000000000225 45.5034
34.900000000000226 45.5693
35.000000000000227 45.6351
35.100000000000229 45.7227
35.20000000000023 45.7883
35.300000000000232 45.8319
35.400000000000233 45.8974
35.500000000000234 45.9627
35.600000000000236 46.0497
35.700000000000237 46.1148
35.800000000000239 46.1798
35.90000000000024 46.2447
36.000000000000242 46.3096
36.100000000000243 46.3743
36.200000000000244 46.439
36.300000000000246 46.5036
36.400000000000247 46.568
36.500000000000249 46.6324
36.60000000000025 46.6967
36.700000000000252 46.7823
36.800000000000253 46.8464
36.900000000000254 46.8891
37.000000000000256 46.9531
37.100000000000257 47.0169
37.200000000000259 47.102
37.30000000000026 47.1656
37.400000000000261 47.2292
37.500000000000263 47.2927
37.600000000000264 47.3561
37.700000000000266 47.4194
37.800000000000267 47.4827
37.900000000000269 47.5458
38.00000000000027 47.6089
38.100000000000271 47.6719
38.200000000000273 47.7348
38.300000000000274 47.8185
38.400000000000276 47.8812
38.500000000000277 47.923
38.600000000000279 47.9856
38.70000000000028 48.048
38.800000000000281 48.1312
38.900000000000283 48.1935
39.000000000000284 48.2558
39.100000000000286 48.3179
39.200000000000287 48.38
39.300000000000288 48.442
39.40000000000029 48.5039
39.500000000000291 48.5657
39.600000000000293 48.6274
39.700000000000294 48.6891
39.800000000000296 48.7507
39.900000000000297 48.8327
40.000000000000298 48.8941
40.1000000000003 48.935
40.200000000000301 48.9963
40.300000000000303 49.0575
40.400000000000304 49.139
40.500000000000306 49.2
40.600000000000307 49.2609
40.700000000000308 49.3218
40.80000000000031 49.3826
40.900000000000311 49.4433
41.000000000000313 49.504
41.100000000000314 49.5646
41.200000000000315 49.6251
41.300000000000317 49.6855
41.400000000000318 49.7458
41.50000000000032 49.8262
41.600000000000321 49.8864
41.700000000000323 49.9265
41.800000000000324 49.9865
41.900000000000325 50.0465
42.000000000000327 50.1264
42.100000000000328 50.1862
42.20000000000033 50.246
42.300000000000331 50.3057
42.400000000000333 50.3653
42.500000000000334 50.4248
42.600000000000335 50.4843
42.700000000000337 50.5437
42.800000000000338 50.603
42.90000000000034 50.6623
43.000000000000341 50.7215
43.100000000000342 50.8003
43.200000000000344 50.8593
43.300000000000345 50.8986
43.400000000000347 50.9576
43.500000000000348 51.0164
43.60000000000035 51.0948
43.700000000000351 51.1535
43.800000000000352 51.2121
43.900000000000354 51.2706
44.000000000000355 51.3291
44.100000000000357 51.3876
44.200000000000358 51.4459
44.30000000000036 51.5042
44.400000000000361 51.5624
44.500000000000362 51.6206
44.600000000000364 51.6787
44.700000000000365 51.7561
44.800000000000367 51.814
44.900000000000368 51.8719
45.000000000000369 51.9104
45.100000000000371 51.9682
45.200000000000372 52.0259
45.300000000000374 52.1027
45.400000000000375 52.1603
45.500000000000377 52.2178
45.600000000000378 52.2752
45.700000000000379 52.3326
45.800000000000381 52.3899
45.900000000000382 52.4471
46.000000000000384 52.5043
46.100000000000385 52.5614
46.200000000000387 52.6185
46.300000000000388 52.6755
46.400000000000389 52.7514
46.500000000000391 52.8082
46.600000000000392 52.8461
46.700000000000394 52.9028
46.800000000000395 52.9595
46.900000000000396 53.035
47.000000000000398 53.0916
47.100000000000399 53.1481
47.200000000000401 53.2045
47.300000000000402 53.2608
47.400000000000404 53.3171
47.500000000000405 53.3734
47.600000000000406 53.4296
47.700000000000408 53.4857
47.800000000000409 53.5418
47.900000000000411 53.5978
48.000000000000412 53.6724
48.100000000000414 53.7283
48.200000000000415 53.7655
48.300000000000416 53.8213
48.400000000000418 53.877
48.500000000000419 53.9512
48.600000000000421 54.0068
48.700000000000422 54.0623
48.800000000000423 54.1178
48.900000000000425 54.1732
49.000000000000426 54.2285
49.100000000000428 54.2839
49.200000000000429 54.3391
49.300000000000431 54.3943
49.400000000000432 54.4494
49.500000000000433 54.5045
49.600000000000435 54.5779
49.700000000000436 54.6328
49.800000000000438 54.6694
49.900000000000439 54.7243
50.000000000000441 54.7791
50.100000000000442 54.852
50.200000000000443 54.9067
50.300000000000445 54.9613
50.400000000000446 55.0159
50.500000000000448 55.0704
50.600000000000449 55.1249
50.70000000000045 55.1793
50.800000000000452 55.2336
50.900000000000453 55.2879
51.000000000000455 55.3422
51.100000000000456 55.3964
51.200000000000458 55.4685
51.300000000000459 55.5226
51.40000000000046 55.5586
51.500000000000462 55.6126
51.600000000000463 55.6665
51.700000000000465 55.7383
51.800000000000466 55.7921
51.900000000000468 55.8459
52.000000000000469 55.8996
52.10000000000047 55.9533
52.200000000000472 56.0069
52.300000000000473 56.0604
52.400000000000475 56.1139
52.500000000000476 56.1673
52.600000000000477 56.2207
52.700000000000479 56.2741
52.80000000000048 56.3451
52.900000000000482 56.3984
53.000000000000483 56.4338
53.100000000000485 56.487
53.200000000000486 56.54
53.300000000000487 56.6108
53.400000000000489 56.6637
53.50000000000049 56.7167
53.600000000000492 56.7695
53.700000000000493 56.8224
53.800000000000495 56.8752
53.900000000000496 56.9279
54.000000000000497 56.9806
54.100000000000499 57.0332
54.2000000000005 57.0858
54.300000000000502 57.1383
54.400000000000503 57.2083
54.500000000000504 57.2607
54.600000000000506 57.3131
54.700000000000507 57.348
54.800000000000509 57.4003
54.90000000000051 57.4699
55.000000000000512 57.5221
55.100000000000513 57.5743
55.200000000000514 57.6263
55.300000000000516 57.6784
55.400000000000517 57.7304
55.500000000000519 57.7823
55.60000000000052 57.8342
55.700000000000522 57.8861
55.800000000000523 57.9379
55.900000000000524 57.9897
56.000000000000526 58.0586
56.100000000000527 58.1103
56.200000000000529 58.1619
56.30000000000053 58.1963
56.400000000000531 58.2478
56.500000000000533 58.3164
56.600000000000534 58.3679
56.700000000000536 58.4193
56.800000000000537 58.4706
56.900000000000539 58.5219
57.00000000000054 58.5731
57.100000000000541 58.6243
57.200000000000543 58.6755
57.300000000000544 58.7266
57.400000000000546 58.7777
57.500000000000547 58.8287
57.600000000000549 58.8967
57.70000000000055 58.9476
57.800000000000551 58.9985
57.900000000000553 59.0324
58.000000000000554 59.0832
58.100000000000556 59.1508
58.200000000000557 59.2015
58.300000000000558 59.2522
58.40000000000056 59.3028
58.500000000000561 59.3534
58.600000000000563 59.4039
58.700000000000564 59.4544
58.800000000000566 59.5049
58.900000000000567 59.5553
59.000000000000568 59.6056
59.10000000000057 59.6559
59.200000000000571 59.723
59.300000000000573 59.7732
59.400000000000574 59.8234
59.500000000000576 59.8568
59.600000000000577 59.9069
59.700000000000578 59.9736
59.80000000000058 60.0236
59.900000000000581 60.0736
60.000000000000583 60.1235
60.100000000000584 60.1734
60.200000000000585 60.2233
60.300000000000587 60.2731
60.400000000000588 60.3228
60.50000000000059 60.3725
60.600000000000591 60.4222
60.700000000000593 60.4718
60.800000000000594 60.538
60.900000000000595 60.5875
61.000000000000597 60.637
61.100000000000598 60.67
61.2000000000006 60.7194
61.300000000000601 60.7853
61.400000000000603 60.8346
61.500000000000604 60.8839
61.600000000000605 60.9332
61.700000000000607 60.9824
61.800000000000608 61.0316
61.90000000000061 61.0807
62.000000000000611 61.1298
62.100000000000612 61.1789
62.200000000000614 61.2279
62.300000000000615 61.2769
62.400000000000617 61.3421
62.500000000000618 61.391
62.60000000000062 61.4399
62.700000000000621 61.4724
62.800000000000622 61.5212
62.900000000000624 61.5862
63.000000000000625 61.6349
63.100000000000627 61.6836
63.200000000000628 61.7322
63.30000000000063 61.7808
63.400000000000631 61.8293
63.500000000000632 61.8778
63.600000000000634 61.9263
63.700000000000635 61.9747
63.800000000000637 62.0231
63.900000000000638 62.0715
64.000000000000639 62.1359
64.100000000000634 62.1842
64.200000000000628 62.2324
64.300000000000622 62.2645
64.400000000000617 62.3127
64.500000000000611 62.3769
64.600000000000605 62.425
64.7000000000006 62.473
64.800000000000594 62.521
64.900000000000588 62.569
65.000000000000583 62.6169
65.100000000000577 62.6808
65.200000000000571 62.7127
65.300000000000566 62.7605
65.40000000000056 62.8083
65.500000000000554 62.8561
65.600000000000549 62.9038
65.700000000000543 62.9673
65.800000000000537 63.015
65.900000000000531 63.0626
66.000000000000526 63.0943
66.10000000000052 63.1418
66.200000000000514 63.2051
66.300000000000509 63.2526
66.400000000000503 63.3
66.500000000000497 63.3474
66.600000000000492 63.3947
66.700000000000486 63.442
66.80000000000048 63.4893
66.900000000000475 63.5366
67.000000000000469 63.5838
67.100000000000463 63.6309
67.200000000000458 63.6781
67.300000000000452 63.7409
67.400000000000446 63.7879
67.500000000000441 63.8349
67.600000000000435 63.8663
67.700000000000429 63.9132
67.800000000000423 63.9758
67.900000000000418 64.0227
68.000000000000412 64.0695
68.100000000000406 64.1163
68.200000000000401 64.1631
68.300000000000395 64.2098
68.400000000000389 64.2566
68.500000000000384 64.3032
68.600000000000378 64.3499
68.700000000000372 64.3965
68.800000000000367 64.4431
68.900000000000361 64.5051
69.000000000000355 64.5516
69.10000000000035 64.5981
69.200000000000344 64.629
69.300000000000338 64.6754
69.400000000000333 64.7373
69.500000000000327 64.7836
69.600000000000321 64.8299
69.700000000000315 64.8761
69.80000000000031 64.9224
69.900000000000304 64.9686
70.000000000000298 65.0147
70.100000000000293 65.0609
70.200000000000287 65.107
70.300000000000281 65.153
70.400000000000276 65.1991
70.50000000000027 65.2604
70.600000000000264 65.3064
70.700000000000259 65.3523
70.800000000000253 65.3829
70.900000000000247 65.4288
71.000000000000242 65.4899
71.100000000000236 65.5357
71.20000000000023 65.5814
71.300000000000225 65.6272
71.400000000000219 65.6729
71.500000000000213 65.7185
71.600000000000207 65.7642
71.700000000000202 65.8098
71.800000000000196 65.8554
71.90000000000019 65.9009
72.000000000000185 65.9464
72.100000000000179 66.0071
72.200000000000173 66.0525
72.300000000000168 66.0979
72.400000000000162 66.1282
72.500000000000156 66.1735
72.600000000000151 66.2339
72.700000000000145 66.2792
72.800000000000139 66.3245
72.900000000000134 66.3697
73.000000000000128 66.4149
73.100000000000122 66.4601
73.200000000000117 66.5052
73.300000000000111 66.5503
73.400000000000105 66.5954
73.500000000000099 66.6404
73.600000000000094 66.6854
73.700000000000088 66.7454
73.800000000000082 66.7903
73.900000000000077 66.8352
74.000000000000071 66.8651
74.100000000000065 66.91
74.20000000000006 66.9697
74.300000000000054 67.0145
74.400000000000048 67.0593
74.500000000000043 67.104
74.600000000000037 67.1487
74.700000000000031 67.1934
74.800000000000026 67.238
74.90000000000002 67.2826
75.000000000000014 67.3272
75.100000000000009 67.3717
75.200000000000003 67.4163
75.299999999999997 67.4756
75.399999999999991 67.52
75.499999999999986 67.5645
75.59999999999998 67.5941
75.699999999999974 67.6384
75.799999999999969 67.6975
75.899999999999963 67.7418
75.999999999999957 67.7861
76.099999999999952 67.8304
76.199999999999946 67.8746
76.29999999999994 67.9188
76.399999999999935 67.9629
76.499999999999929 68.0071
76.599999999999923 68.0512
76.699999999999918 68.0953
76.799999999999912 68.1393
76.899999999999906 68.198
76.999999999999901 68.242
77.099999999999895 68.2859
77.199999999999889 68.3152
77.299999999999883 68.3591
77.399999999999878 68.4176
77.499999999999872 68.4614
77.599999999999866 68.5052
77.699999999999861 68.549
77.799999999999855 68.5928
77.899999999999849 68.6365
77.999999999999844 68.6948
78.099999999999838 68.7384
78.199999999999832 68.7821
78.299999999999827 68.8257
78.399999999999821 68.8693
78.499999999999815 68.9128
78.59999999999981 68.9708
78.699999999999804 69.0143
78.799999999999798 69.0433
78.899999999999793 69.0867
78.999999999999787 69.1302
79.099999999999781 69.188
79.199999999999775 69.2313
79.29999999999977 69.2747
79.399999999999764 69.318
79.499999999999758 69.3612
79.599999999999753 69.4045
79.699999999999747 34.7094
79.799999999999741 34.7094
79.899999999999736 34.7094
79.99999999999973 34.7094
80.099999999999724 34.7094
80.199999999999719 34.7094
80.299999999999713 34.7094
80.399999999999707 34.7094
80.499999999999702 34.7094
80.599999999999696 34.7094
80.69999999999969 34.7094
80.799999999999685 34.7094
80.899999999999679 34.7094
80.999999999999673 34.7094
81.099999999999667 34.7094
81.199999999999662 34.7094
81.299999999999656 34.7383
81.39999999999965 34.8245
81.499999999999645 34.9106
81.599999999999639 34.9965
81.699999999999633 35.0821
81.799999999999628 35.1676
81.899999999999622 35.2528
81.999999999999616 35.3661
82.099999999999611 35.4509
82.199999999999605 35.5355
82.299999999999599 35.5917
82.399999999999594 35.6759
82.499999999999588 35.7879
82.599999999999582 35.8717
82.699999999999577 35.9553
82.799999999999571 36.0386
82.899999999999565 36.1218
82.999999999999559 36.2048
83.099999999999554 36.2876
83.199999999999548 36.3702
83.299999999999542 36.4526
83.399999999999537 36.5349
83.499999999999531 36.6169
83.599999999999525 36.726
83.69999999999952 36.8077
83.799999999999514 36.8891
83.899999999999508 36.9433
83.999999999999503 37.0245
84.099999999999497 37.1324
84.199999999999491 37.2131
84.299999999999486 37.2937
84.39999999999948 37.374
84.499999999999474 37.4543
84.599999999999469 37.5343
84.699999999999463 37.6142
84.799999999999457 37.6939
84.899999999999451 37.7734
84.999999999999446 37.8528
85.09999999999944 37.932
85.199999999999434 38.0373
85.299999999999429 38.1161
85.399999999999423 38.1948
85.499999999999417 38.2471
85.599999999999412 38.3255
85.699999999999406 38.4037
85.7999999999994 38.5078
85.899999999999395 38.5856
85.999999999999389 38.6633
86.099999999999383 38.7409
86.199999999999378 38.8183
86.299999999999372 38.8955
86.399999999999366 38.9726
86.499999999999361 39.0495
86.599999999999355 39.1263
86.699999999999349 39.2029
86.799999999999343 39.2794
86.899999999999338 39.3811
86.999999999999332 39.4572
87.099999999999326 39.5332
87.199999999999321 39.5838
87.299999999999315 39.6595
87.399999999999309 39.7603
87.499999999999304 39.8357
87.599999999999298 39.911
87.699999999999292 39.9861
87.799999999999287 40.0611
87.899999999999281 40.1359
87.999999999999275 40.2106
88.09999999999927 40.2852
88.199999999999264 40.3596
88.299999999999258 40.4339
88.399999999999253 40.508
88.499999999999247 40.6067
88.599999999999241 40.6805
88.699999999999235 40.7542
88.79999999999923 40.8033
88.899999999999224 40.8768
88.999999999999218 40.9745
89.099999999999213 41.0477
89.199999999999207 41.1207
89.299999999999201 41.1937
89.399999999999196 41.2664
89.49999999999919 41.3391
89.599999999999184 41.4116
89.699999999999179 41.484
89.799999999999173 41.5563
89.899999999999167 41.6284
89.999999999999162 41.7005
90.099999999999156 41.7963
90.19999999999915 41.868
90.299999999999145 41.9397
90.399999999999139 41.9873
90.499999999999133 42.0587
90.599999999999127 42.1538
90.699999999999122 42.2249
90.799999999999116 42.2959
90.89999999999911 42.3668
90.999999999999105 42.4376
91.099999999999099 42.5082
91.199999999999093 42.5788
91.299999999999088 42.6492
91.399999999999082 42.7195
91.499999999999076 42.7897
91.599999999999071 42.8597
91.699999999999065 42.953
91.799999999999059 43.0228
91.899999999999054 43.0925
91.999999999999048 43.1389
92.099999999999042 43.2084
92.199999999999037 43.3009
92.299999999999031 43.3701
92.399999999999025 43.4393
92.499999999999019 43.5083
92.599999999999014 43.5772
92.699999999999008 43.646
92.799999999999002 43.7147
92.899999999998997 43.7833
92.999999999998991 43.8518
93.099999999998985 43.9202
93.19999999999898 43.9884
93.299999999998974 44.0793
93.399999999998968 44.1473
93.499999999998963 44.2152
93.599999999998957 44.2605
93.699999999998951 44.3282
93.799999999998946 44.4184
93.89999999999894 44.4859
93.999999999998934 44.5533
94.099999999998929 44.6206
94.199999999998923 44.6878
94.299999999998917 44.7549
94.399999999998911 44.8219
94.499999999998906 44.8888
94.5999999999989 44.9556
94.699999999998894 45.0223
94.799999999998889 45.0889
94.899999999998883 45.1775
94.999999999998877 45.2439
95.099999999998872 45.3102
95.199999999998866 45.3764
95.29999999999886 45.4204
95.399999999998855 45.5084
95.499999999998849 45.5743
95.599999999998843 45.6401
95.699999999998838 45.7058
95.799999999998832 45.7714
95.899999999998826 45.8369
95.99999999999882 45.9023
96.099999999998815 45.9677
96.199999999998809 46.0329
96.299999999998803 46.098
96.399999999998798 46.1631
96.499999999998792 46.2497
96.599999999998786 46.3145
96.699999999998781 46.3793
96.799999999998775 46.4439
96.899999999998769 46.487
96.999999999998764 46.573
97.099999999998758 46.6373
97.199999999998752 46.7016
97.299999999998747 46.7658
97.399999999998741 46.83
97.499999999998735 46.894
97.59999999999873 46.9792
97.699999999998724 47.0218
97.799999999998718 47.0856
97.899999999998712 47.1493
97.999999999998707 47.2129
98.099999999998701 47.2975
98.199999999998695 47.3609
98.29999999999869 47.4242
98.399999999998684 47.4875
98.499999999998678 47.5296
98.599999999998673 47.6137
98.699999999998667 47.6767
98.799999999998661 47.7395
98.899999999998656 47.8024
98.99999999999865 47.8651
99.099999999998644 47.9277
99.199999999998639 48.0111
99.299999999998633 48.0528
99.399999999998627 48.1152
99.499999999998622 48.1775
99.599999999998616 48.2398
99.69999999999861 48.3226
99.799999999998604 48.3847
99.899999999998599 48.4467
99.999999999998593 48.5086
100.09999999999859 48.5498
100.19999999999858 48.6321
100.29999999999858 48.6938
100.39999999999857 48.7554
100.49999999999856 48.8169
100.59999999999856 48.8783
100.69999999999855 48.9396
100.79999999999855 49.0213
100.89999999999854 49.0621
100.99999999999854 49.1232
101.09999999999853 49.1843
101.19999999999852 49.2453
101.29999999999852 49.3264
101.39999999999851 49.3872
101.49999999999851 49.4479
101.5999999999985 49.5086
101.6999999999985 49.549
101.79999999999849 49.6297
101.89999999999849 49.6901
101.99999999999848 49.7504
102.09999999999847 49.8107
102.19999999999847 49.8709
102.29999999999846 49.931
102.39999999999846 50.0111
102.49999999999845 50.0511
102.59999999999845 50.111
102.69999999999844 50.1708
102.79999999999843 50.2306
102.89999999999843 50.3102
102.99999999999842 50.3698
103.09999999999842 50.4293
103.19999999999841 50.4888
103.29999999999841 50.5482
103.3999999999984 50.6075
103.49999999999839 50.6668
103.59999999999839 50.726
103.69999999999838 50.7851
103.79999999999838 50.8441
103.89999999999837 50.9031
103.99999999999837 50.9817
104.09999999999836 51.0405
104.19999999999835 51.0797
104.29999999999835 51.1384
104.39999999999834 51.197
104.49999999999834 51.2751
104.59999999999833 51.3336
104.69999999999833 51.392
104.79999999999832 51.4504
104.89999999999831 51.5086
104.99999999999831 51.5475
105.0999999999983 51.625
105.1999999999983 51.6831
105.29999999999829 51.7411
105.39999999999829 51.7991
105.49999999999828 51.857
105.59999999999827 51.9341
105.69999999999827 51.9918
105.79999999999826 52.0303
105.89999999999826 52.0879
105.99999999999825 52.1455
106.09999999999825 52.203
106.19999999999824 52.2796
106.29999999999824 52.337
106.39999999999823 52.3943
106.49999999999822 52.4515
106.59999999999822 52.4896
106.69999999999821 52.5658
106.79999999999821 52.6228
106.8999999999982 52.6798
106.9999999999982 52.7367
107.09999999999819 52.7936
107.19999999999818 52.8504
107.29999999999818 52.9261
107.39999999999817 52.9638
107.49999999999817 53.0205
107.59999999999816 53.077
107.69999999999816 53.1335
107.79999999999815 53.2088
107.89999999999814 53.2651
107.99999999999814 53.3214
108.09999999999813 53.3777
108.19999999999813 53.4151
108.29999999999812 53.49
108.39999999999812 53.546
108.49999999999811 53.6021
108.5999999999981 53.658
108.6999999999981 53.7139
108.79999999999809 53.7697
108.89999999999809 53.8441
108.99999999999808 53.8812
109.09999999999808 53.9369
109.19999999999807 53.9925
109.29999999999806 54.048
109.39999999999806 54.122
109.49999999999805 54.1774
109.59999999999805 54.2328
109.69999999999804 54.2881
109.79999999999804 54.3249
109.89999999999803 54.3985
109.99999999999802 54.4536
110.09999999999802 54.5087
110.19999999999801 54.5637
110.29999999999801 54.6187
110.399999999998 54.6736
110.499999999998 54.7467
110.59999999999799 54.7832
110.69999999999798 54.838
110.79999999999798 54.8927
110.89999999999797 54.9473
110.99999999999797 55.0201
111.09999999999796 55.0746
111.19999999999796 55.129
111.29999999999795 55.1834
111.39999999999795 55.2378
111.49999999999794 55.2921
111.59999999999793 55.3463
111.69999999999793 55.4005
111.79999999999792 55.4546
111.89999999999792 55.5087
111.99999999999791 55.5627
112.09999999999791 55.6347
112.1999999999979 55.6706
112.29999999999789 55.7245
112.39999999999789 55.7783
112.49999999999788 55.8321
112.59999999999788 55.9037
112.69999999999787 55.9573
112.79999999999787 56.0109
112.89999999999786 56.0645
112.99999999999785 56.118
113.09999999999785 56.1714
113.19999999999784 56.2248
113.29999999999784 56.2781
113.39999999999783 56.3314
113.49999999999783 56.3847
113.59999999999782 56.4379
113.69999999999781 56.5087
113.79999999999781 56.5618
113.8999999999978 56.5971
113.9999999999978 56.6501
114.09999999999779 56.7031
114.19999999999779 56.7736
114.29999999999778 56.8264
114.39999999999777 56.8792
114.49999999999777 56.9319
114.59999999999776 56.9846
114.69999999999776 57.0372
114.79999999999775 57.0898
114.89999999999775 57.1423
114.99999999999774 57.1948
115.09999999999773 57.2472
115.19999999999773 57.2996
115.29999999999772 57.3694
115.39999999999772 57.4217
115.49999999999771 57.4565
115.59999999999771 57.5087
115.6999999999977 57.5609
115.79999999999769 57.6303
115.89999999999769 57.6824
115.99999999999768 57.7343
116.09999999999768 57.7863
116.19999999999767 57.8382
116.29999999999767 57.89
116.39999999999766 57.9419
116.49999999999766 57.9936
116.59999999999765 58.0453
116.69999999999764 58.097
116.79999999999764 58.1486
116.89999999999763 58.2174
116.99999999999763 58.2689
117.09999999999762 58.3032
117.19999999999762 58.3547
117.29999999999761 58.406
117.3999999999976 58.4745
117.4999999999976 58.5258
117.59999999999759 58.577
117.69999999999759 58.6282
117.79999999999758 58.6794
117.89999999999758 58.7305
117.99999999999757 58.7816
118.09999999999756 58.8326
118.19999999999756 58.8836
118.29999999999755 58.9345
118.39999999999755 58.9854
118.49999999999754 59.0532
118.59999999999754 59.104
118.69999999999753 59.1378
118.79999999999752 59.1885
118.89999999999752 59.2392
118.99999999999751 59.3067
119.09999999999751 59.3572
119.1999999999975 59.4078
119.2999999999975 59.4583
119.39999999999749 59.5087
119.49999999999748 59.5591
119.59999999999748 59.6095
119.69999999999747 59.6598
119.79999999999747 59.71
119.89999999999746 59.7603
119.99999999999746 59.8104
120.09999999999745 59.8773
120.19999999999744 59.9274
120.29999999999744 59.9608
120.39999999999743 60.0108
120.49999999999743 60.0608
120.59999999999742 60.1273
120.69999999999742 60.1772
120.79999999999741 60.227
120.89999999999741 60.2768
120.9999999999974 60.3266
121.09999999999739 60.3763
121.19999999999739 60.426
121.29999999999738 60.4756
121.39999999999738 60.5252
121.49999999999737 60.5748
121.59999999999737 60.6243
121.69999999999736 60.6902
121.79999999999735 60.7397
121.89999999999735 60.7726
121.99999999999734 60.8219
122.09999999999734 60.8712
122.19999999999733 60.9369
122.29999999999733 60.9861
122.39999999999732 61.0353
122.49999999999731 61.0845
122.59999999999731 61.1336
122.6999999999973 61.1826
122.7999999999973 61.2316
122.89999999999729 61.2806
122.99999999999729 61.3296
123.09999999999728 61.3785
123.19999999999727 61.4273
123.29999999999727 61.4924
123.39999999999726 61.5412
123.49999999999726 61.5737
123.59999999999725 61.6224
123.69999999999725 61.6711
123.79999999999724 61.7359
123.89999999999723 61.7845
123.99999999999723 61.833
124.09999999999722 61.8815
124.19999999999722 61.93
124.29999999999721 61.9784
124.39999999999721 62.0268
124.4999999999972 62.0752
124.59999999999719 62.1235
124.69999999999719 62.1718
124.79999999999718 62.22
124.89999999999718 62.2843
124.99999999999717 62.3164
